262,1
262,3
0,466
420,1
420,3
14,11
461,1
461,3
14,10
0,490
1021,35
438,1
438,3
14,12
0,484
3,2
3,1
3,3
10,102
10,116
973,5
973,4
973,3
10,308
973,2
973,1
10,290
973,0
972,5
972,4
972,3
10,216
972,2
972,1
972,0
971,4
971,3
10,24
971,2
971,1
10,118
971,0
970,4
970,3
970,2
10,294
970,1
970,0
969,4
969,3
969,2
969,1
942,3
11,20
942,1
11,6
11,2
936,3
11,3
936,1
919,3
919,1
913,3
913,1
844,3
844,1
8,10
842,3
8,16
842,1
8,8
840,3
8,7
840,1
8,6
804,18
804,3
804,1
803,3
803,1
801,3
801,1
775,3
775,1
768,3
768,1
670,145
670,144
670,143
670,142
670,141
670,42
670,4
670,3
670,1
666,4
666,1
664,3
664,1
663,3
663,1
662,3
662,1
20,3
20,2
20,1
19,3
19,2
19,1
18,3
18,1
14,9
14,8
14,5
14,3
14,1
13,1
12,3
13,3
12,2
12,1
11,28
11,27
11,26
11,25
11,24
11,23
